<Frame>: 0 0 doggy_walk
	<Transform>: 0 0 0 0 0 0 1 1 1 0 0 0 1  
	<TransformMatrix>: 1 0 0 0 0 1 0 0 0 0 1 0 0 0 0 1  
	<Children>: 2
		<Frame>: 1 0 Bip01
			<Transform>: 0 1 -0.01706359 318.8419 350.1026 89.05183 1 1 0.9999999 -0.3062921 0.1879879 0.6324206 0.6862142  
			<TransformMatrix>: 0.1294094 0.7527936 -0.6454108 0 -0.9831104 0.01245874 -0.1825891 0 -0.1294108 0.6581388 0.7416914 0 0 1 -0.01706359 1  
			<Children>: 2
				<Frame>: 2 0 Bip01_Footsteps
					<Transform>: -0.6993246 -0.01157389 -0.6113928 359.2861 48.83804 280.5214 1 1 1 -0.2686456 0.3142614 -0.5801164 0.7018079  
					<TransformMatrix>: 0.1294095 -0.9831104 -0.1294109 0 0.6454108 0.1825891 -0.7416916 0 0.7527937 0.0124588 0.6581388 0 -0.6993246 -0.01157389 -0.6113928 1  
					<Children>: 0
				</Frame>
				<Frame>: 3 0 Bip01_Pelvis
					<Transform>: 0 0 0 270 89.99993 0 7 7 7 -0.5 0.5 0.4999993 0.5000007  
					<TransformMatrix>: 9.179115E-06 0 -7 0 -7 9.179115E-06 -9.179115E-06 0 9.179115E-06 7 0 0 0 0 0 1  
					<Children>: 1
						<Frame>: 4 0 Bip01_Spine
							<Transform>: -0.08753914 -0.02874029 -7.441267E-07 356.0018 355.9861 312.2781 1 1 1 -0.01772431 -0.04611066 -0.4051413 0.9129185  
							<TransformMatrix>: 0.6674687 -0.7380874 0.09855224 0 0.7413565 0.6710929 0.005000949 0 -0.06982884 0.06972437 0.9951193 0 -0.08753914 -0.02874029 -7.441267E-07 1  
							<Children>: 4
								<Frame>: 5 0 Bip01_L_Thigh
									<Transform>: 0.0487842 0.08477223 0.1126922 355.6654 185.0881 287.8741 1 1 1 -0.5863158 0.8079845 0.05665181 -0.01361579  
									<TransformMatrix>: -0.3120966 -0.9490108 -0.044429 0 -0.9459255 0.3060489 0.1075139 0 -0.08843441 0.07558127 -0.9932102 0 0.0487842 0.08477223 0.1126922 1  
									<Children>: 1
										<Frame>: 6 0 Bip01_L_Calf
											<Transform>: -0.4489934 -2.980232E-08 0 6.017602E-07 -4.8471E-08 40.39484 0.9999999 0.9999999 0.9999999 4.782396E-09 -2.210038E-09 0.345256 0.9385086  
											<TransformMatrix>: 0.7615966 0.6480513 7.450581E-09 0 -0.6480513 0.7615966 7.450581E-09 0 -8.459786E-10 -1.05027E-08 0.9999999 0 -0.4489934 -2.980232E-08 0 1  
											<Children>: 1
												<Frame>: 7 0 Bip01_L_HorseLink
													<Transform>: -0.2901977 0 1.490116E-08 9.303249E-07 -1.367782E-06 304.2224 0.9999999 1 0.9999999 1.275892E-08 -6.752309E-09 -0.4677572 0.883857  
													<TransformMatrix>: 0.5624063 -0.8268609 8.881783E-16 0 0.826861 0.5624064 2.8871E-08 0 -2.38723E-08 -1.623723E-08 0.9999999 0 -0.2901977 0 1.490116E-08 1  
													<Children>: 1
														<Frame>: 8 0 Bip01_L_Foot
															<Transform>: -0.1655907 0 0 355.1402 5.133928 54.52797 0.9999998 0.9999999 0.9999999 -0.01715078 0.05917765 0.4589076 0.8863451  
															<TransformMatrix>: 0.5718035 0.811471 -0.1206449 0 -0.8155308 0.5782192 0.02391112 0 0.08916239 0.08471715 0.9924076 0 -0.1655907 0 0 1  
															<Children>: 1
																<Frame>: 9 0 Bip01_L_Toe0
																	<Transform>: -0.07403702 0.1061822 1.490116E-08 359.9409 359.9683 235.7516 1 1 0.9999999 -3.543309E-06 0.0005858339 0.883963 -0.4675565  
																	<TransformMatrix>: -0.5627818 -0.8266053 0.0005415566 0 0.8266053 -0.5627811 0.001039024 0 -0.0005540852 0.001032398 0.9999992 0 -0.07403702 0.1061822 1.490116E-08 1  
																	<Children>: 1
																		<Frame>: 10 0 Bip01_L_Toe0Nub
																			<Transform>: -0.01740918 2.980232E-08 1.490116E-08 1.590277E-15 5.336085E-08 180 -1 -0.9999999 -1 4.656613E-10 -6.938894E-18 1 1.490116E-08  
																			<TransformMatrix>: 1 -2.980232E-08 -9.313226E-10 0 2.980232E-08 0.9999999 0 0 -9.313226E-10 2.775558E-17 -1 0 -0.01740918 2.980232E-08 1.490116E-08 1  
																			<Children>: 0
																		</Frame>
																</Frame>
														</Frame>
												</Frame>
										</Frame>
								</Frame>
								<Frame>: 11 0 Bip01_R_Thigh
									<Transform>: 0.02564944 0.08359784 -0.1209085 358.79 173.8745 244.9599 1 1 1 0.8426306 -0.5357314 0.03940772 -0.03758533  
									<TransformMatrix>: 0.4228779 -0.9058098 0.02614103 0 -0.8998853 -0.4231587 -0.105565 0 0.1066836 0.02111719 -0.994069 0 0.02564944 0.08359784 -0.1209085 1  
									<Children>: 1
										<Frame>: 12 0 Bip01_R_Calf
											<Transform>: -0.4489934 -2.980232E-08 7.450581E-09 -7.150721E-07 -1.697918E-06 25.39044 1 1 1 -9.343912E-09 -1.308353E-08 0.2197648 0.9755529  
											<TransformMatrix>: 0.903407 0.4287845 2.142042E-08 0 -0.4287844 0.9034069 -2.398156E-08 0 -2.963427E-08 1.248036E-08 1 0 -0.4489934 -2.980232E-08 7.450581E-09 1  
											<Children>: 1
												<Frame>: 13 0 Bip01_R_HorseLink
													<Transform>: -0.2901977 -7.450581E-09 0 -1.892817E-06 -6.637724E-07 317.9352 0.9999999 1 1 -1.333857E-08 -1.133482E-08 -0.358896 0.9333776  
													<TransformMatrix>: 0.7423874 -0.6699709 3.073365E-08 0 0.6699709 0.7423874 -1.676381E-08 0 -1.158502E-08 3.303589E-08 1 0 -0.2901977 -7.450581E-09 0 1  
													<Children>: 1
														<Frame>: 14 0 Bip01_R_Foot
															<Transform>: -0.1655907 0 0 3.176531 3.723657 33.49069 0.9999999 0.9999999 0.9999999 0.03588474 0.02311811 0.2869934 0.956981  
															<TransformMatrix>: 0.8342006 0.5509536 -0.02364982 0 -0.5476353 0.832694 0.08195151 0 0.06484455 -0.05541253 0.9963556 0 -0.1655907 0 0 1  
															<Children>: 1
																<Frame>: 15 0 Bip01_R_Toe0
																	<Transform>: -0.07403699 0.1061822 -7.450581E-09 0 2.48128E-06 270 1 1 1 -1.531116E-08 1.531116E-08 -0.7071068 0.7071068  
																	<TransformMatrix>: -1.192093E-07 -1 0 0 1 -1.192093E-07 -4.330651E-08 0 4.330651E-08 0 1 0 -0.07403699 0.1061822 -7.450581E-09 1  
																	<Children>: 1
																		<Frame>: 16 0 Bip01_R_Toe0Nub
																			<Transform>: -0.01740912 9.313226E-10 0 2.668042E-08 6.836859E-08 -1.067217E-07 1 1 1 2.328306E-10 5.966285E-10 -9.313225E-10 1  
																			<TransformMatrix>: 1 -1.862645E-09 -1.193257E-09 0 1.862645E-09 1 4.656613E-10 0 1.193257E-09 -4.656613E-10 1 0 -0.01740912 9.313226E-10 0 1  
																			<Children>: 0
																		</Frame>
																</Frame>
														</Frame>
												</Frame>
										</Frame>
								</Frame>
								<Frame>: 17 0 Bip01_Spine1
									<Transform>: -0.2366934 -0.0002059937 -1.029111E-06 0.9487488 354.4167 6.705791 1 1 1 0.005406891 -0.04910329 0.05881682 0.9970458  
									<TransformMatrix>: 0.9882589 0.1167551 0.09855249 0 -0.1178171 0.9930227 0.005005639 0 -0.09728044 -0.01655804 0.9951194 0 -0.2366934 -0.0002059937 -1.029111E-06 1  
									<Children>: 1
										<Frame>: 18 0 Bip01_Spine2
											<Transform>: -0.2604088 -0.000171721 -8.717179E-07 1.564424 354.5565 13.07909 0.9999999 1 1 0.008140073 -0.04872501 0.1143939 0.9922065  
											<TransformMatrix>: 0.9690798 0.2262114 0.09855288 0 -0.2277979 0.9736956 0.00500558 0 -0.0948282 -0.02730095 0.9951192 0 -0.2604088 -0.000171721 -8.717179E-07 1  
											<Children>: 1
												<Frame>: 19 0 Bip01_Neck
													<Transform>: -0.3057005 0.1255132 3.322959E-06 357.7994 0.1269998 1.980841 1 1 1 -0.01918047 0.001439832 0.01730332 0.9996653  
													<TransformMatrix>: 0.9993972 0.03453983 -0.003542473 0 -0.0346503 0.9986654 -0.03829827 0 0.002214929 0.03839793 0.9992602 0 -0.3057005 0.1255132 3.322959E-06 1  
													<Children>: 3
														<Frame>: 20 0 Bip01_L_Clavicle
															<Transform>: 0.07192516 -0.08484608 0.08671894 2.837365 267.4598 243.1984 0.9999999 1 0.9999998 0.6242476 -0.3639342 -0.5792148 0.3773289  
															<TransformMatrix>: 0.0641241 -0.8914789 -0.448501 0 -0.01726112 -0.4503496 0.8926855 0 -0.9977925 -0.04950111 -0.04426622 0 0.07192516 -0.08484608 0.08671894 1  
															<Children>: 1
																<Frame>: 21 0 Bip01_L_UpperArm
																	<Transform>: -0.2417657 0 1.192093E-07 309.5991 223.0475 115.4626 1 1 1 -0.7951267 -0.3173007 0.06922588 0.5121539  
																	<TransformMatrix>: 0.7890562 0.5754972 0.2149269 0 0.4336799 -0.2740373 -0.8583854 0 -0.4351004 0.7705238 -0.4658124 0 -0.2417657 0 1.192093E-07 1  
																	<Children>: 1
																		<Frame>: 22 0 Bip01_L_Forearm
																			<Transform>: -0.3099916 5.960464E-08 -1.490116E-08 2.291191E-06 -7.628096E-07 26.58578 1 1 1 1.792813E-08 -1.107571E-08 0.2299289 0.9732075  
																			<TransformMatrix>: 0.8942654 0.4475371 2.980232E-08 0 -0.4475372 0.8942655 2.980233E-08 0 -1.331354E-08 -3.998883E-08 1 0 -0.3099916 5.960464E-08 -1.490116E-08 1  
																			<Children>: 1
																				<Frame>: 23 0 Bip01_L_Hand
																					<Transform>: -0.2603146 -5.960464E-08 1.490116E-08 19.86747 5.094687 3.406941 1 1 1 0.1735638 0.03863614 0.02158843 0.9838277  
																					<TransformMatrix>: 0.9960824 0.05589026 -0.06852867 0 -0.02906692 0.9388192 0.343182 0 0.08351655 -0.3398456 0.9367657 0 -0.2603146 -5.960464E-08 1.490116E-08 1  
																					<Children>: 1
																						<Frame>: 24 0 Bip01_L_Finger0
																							<Transform>: -0.1951834 0 7.450581E-09 359.049 0.1492773 359.2528 1 1 1 -0.008307595 0.001248502 -0.006509432 0.9999436  
																							<TransformMatrix>: 0.9999123 -0.01303887 -0.002388709 0 0.01299738 0.9997772 -0.0166305 0 0.002605019 0.016598 0.9998589 0 -0.1951834 0 7.450581E-09 1  
																							<Children>: 1
																								<Frame>: 25 0 Bip01_L_Finger0Nub
																									<Transform>: -0.09252366 5.960464E-08 0 -2.544444E-14 -4.268868E-07 -3.415095E-06 1 1 1 -1.110223E-16 -3.72529E-09 -2.980232E-08 1  
																									<TransformMatrix>: 1 -5.960464E-08 7.450581E-09 0 5.960464E-08 1 0 0 -7.450581E-09 4.440892E-16 1 0 -0.09252366 5.960464E-08 0 1  
																									<Children>: 0
																								</Frame>
																						</Frame>
																				</Frame>
																		</Frame>
																</Frame>
														</Frame>
														<Frame>: 26 0 Bip01_Neck1
															<Transform>: -0.1038189 -9.23872E-05 8.34465E-07 358.692 3.277173 13.4211 0.9999999 1 1 -0.007990485 0.02973037 0.1171224 0.9926403  
															<TransformMatrix>: 0.9707968 0.2320456 -0.06089484 0 -0.2329959 0.972437 -0.008899171 0 0.05715139 0.02282754 0.9981045 0 -0.1038189 -9.23872E-05 8.34465E-07 1  
															<Children>: 1
																<Frame>: 27 0 Bip01_Neck2
																	<Transform>: -0.1193054 -6.92606E-05 3.352761E-07 358.4323 3.647329 19.38806 1 1 1 -0.008119571 0.03366858 0.1687148 0.9850563  
																	<TransformMatrix>: 0.9408036 0.3318403 -0.06907067 0 -0.3329338 0.9429389 -0.004635698 0 0.06359111 0.02735724 0.997601 0 -0.1193054 -6.92606E-05 3.352761E-07 1  
																	<Children>: 1
																		<Frame>: 28 0 Bip01_Head
																			<Transform>: -0.09217393 5.960464E-08 -7.450581E-09 2.983593 358.9735 28.68354 1 1 1 0.02300341 -0.01512385 0.2478374 0.9684104  
																			<TransformMatrix>: 0.8766958 0.4793209 0.04069439 0 -0.4807126 0.876095 0.03705698 0 -0.01788997 -0.05204999 0.9984843 0 -0.09217393 5.960464E-08 -7.450581E-09 1  
																			<Children>: 5
																				<Frame>: 29 0 Bip01_HeadNub
																					<Transform>: -0.2656668 -1.192093E-07 0 -5.336085E-08 0 0 1 1 1 -4.656613E-10 0 0 1  
																					<TransformMatrix>: 1 0 0 0 0 1 -9.313226E-10 0 0 9.313226E-10 1 0 -0.2656668 -1.192093E-07 0 1  
																					<Children>: 0
																				</Frame>
																				<Frame>: 30 0 Bip01_Ponytail1
																					<Transform>: 0.01102388 0.2097458 1.117587E-07 0.0001380805 0.0001580981 277.4943 0.9999999 0.9999999 1 -3.817505E-09 1.831786E-06 -0.6593834 0.7518069  
																					<TransformMatrix>: 0.130427 -0.9914579 -2.749264E-06 0 0.9914579 0.130427 -2.421439E-06 0 2.759333E-06 -2.409959E-06 1 0 0.01102388 0.2097458 1.117587E-07 1  
																					<Children>: 1
																						<Frame>: 31 0 Bip01_Ponytail1Nub
																							<Transform>: -0.1797818 1.192093E-07 7.450581E-09 -0.0001594423 180 269.9544 0.9999999 0.9999999 0.9999999 0.7073882 -0.7068252 -9.83599E-07 -9.841326E-07  
																							<TransformMatrix>: 0.0007962583 -0.9999995 -2.782792E-06 0 -0.9999996 -0.0007961988 -1.862531E-09 0 -3.531113E-10 2.782793E-06 -0.9999999 0 -0.1797818 1.192093E-07 7.450581E-09 1  
																							<Children>: 0
																						</Frame>
																				</Frame>
																				<Frame>: 32 0 Bip01_Ponytail2
																					<Transform>: 0.07568192 0.1605427 0 0.0002296535 0.0001427296 243.6314 1 1 1 -1.862838E-09 2.359624E-06 -0.8497483 0.5271887  
																					<TransformMatrix>: -0.4441442 -0.8959553 -2.484769E-06 0 0.8959553 -0.4441442 -4.012138E-06 0 2.491101E-06 -4.00821E-06 1 0 0.07568192 0.1605427 0 1  
																					<Children>: 1
																						<Frame>: 33 0 Bip01_Ponytail2Nub
																							<Transform>: -0.223334 0 0 -0.0001590154 180 269.9544 1 0.9999999 1 0.7073883 -0.7068252 -9.803052E-07 -9.821581E-07  
																							<TransformMatrix>: 0.0007962586 -0.9999998 -2.775341E-06 0 -0.9999996 -0.000796318 -3.725404E-09 0 1.515218E-09 2.775343E-06 -1 0 -0.223334 0 0 1  
																							<Children>: 0
																						</Frame>
																				</Frame>
																				<Frame>: 34 0 Xtra01
																					<Transform>: -0.1504128 -0.03660858 0.1890197 321.0708 232.3712 210.7701 1 1 0.9999999 0.776751 -0.3662452 -0.4804834 -0.1779269  
																					<TransformMatrix>: 0.2700003 -0.3979808 -0.8767617 0 -0.7399445 -0.668413 0.07553974 0 -0.6161023 0.6283591 -0.4749554 0 -0.1504128 -0.03660858 0.1890197 1  
																					<Children>: 1
																						<Frame>: 35 0 Xtra0102
																							<Transform>: -0.1109447 3.33786E-06 -2.622604E-06 16.63197 1.511176 91.40531 0.9999999 0.9999999 0.9999999 0.1103389 -0.09439511 0.706806 0.692344  
																							<TransformMatrix>: -0.01697027 0.9578748 0.2866841 0 -0.9995366 -0.02349877 0.01934688 0 0.02526861 -0.286223 0.9578297 0 -0.1109447 3.33786E-06 -2.622604E-06 1  
																							<Children>: 1
																								<Frame>: 36 0 Bip01_Xtra01Nub
																									<Transform>: -0.1796997 -5.960464E-08 0 -0.0001575205 180 269.9544 0.9999999 1 1 0.7073882 -0.7068252 -9.776649E-07 -9.663543E-07  
																									<TransformMatrix>: 0.0007962584 -0.9999996 -2.749264E-06 0 -0.9999996 -0.0007961988 1.490105E-08 0 -1.709009E-08 2.749252E-06 -1 0 -0.1796997 -5.960464E-08 0 1  
																									<Children>: 0
																								</Frame>
																						</Frame>
																				</Frame>
																				<Frame>: 37 0 Xtra01Opp
																					<Transform>: -0.1504128 -0.03660738 -0.1890198 38.92926 127.6292 210.7705 0.9999999 1 0.9999999 0.7767511 -0.366248 0.4804813 0.1779269  
																					<TransformMatrix>: 0.2700002 -0.3979858 0.8767595 0 -0.7399481 -0.6684092 -0.07554078 0 0.616098 -0.6283604 -0.4749597 0 -0.1504128 -0.03660738 -0.1890198 1  
																					<Children>: 1
																						<Frame>: 38 0 Xtra01Opp02
																							<Transform>: -0.1109446 3.33786E-06 2.622604E-06 343.3686 358.4885 91.40533 0.9999999 0.9999999 0.9999999 -0.1103372 0.09438969 0.7068064 0.6923445  
																							<TransformMatrix>: -0.01696944 0.9578776 -0.2866745 0 -0.9995364 -0.02349925 -0.01935229 0 -0.02527375 0.2862132 0.9578325 0 -0.1109446 3.33786E-06 2.622604E-06 1  
																							<Children>: 1
																								<Frame>: 39 0 Bip01_Xtra01OppNub
																									<Transform>: -0.1796998 0 1.192093E-07 -0.000157842 180 269.9544 1 1 1 0.7073882 -0.7068252 -9.691088E-07 -9.788699E-07  
																									<TransformMatrix>: 0.0007962584 -0.9999996 -2.754852E-06 0 -0.9999996 -0.0007961988 -1.490116E-08 0 1.270757E-08 2.754863E-06 -1 0 -0.1796998 0 1.192093E-07 1  
																									<Children>: 0
																								</Frame>
																						</Frame>
																				</Frame>
																		</Frame>
																</Frame>
														</Frame>
														<Frame>: 40 0 Bip01_R_Clavicle
															<Transform>: 0.07256043 -0.07797849 -0.09245364 5.14027 88.54794 247.5281 0.9999999 1 1 0.5619171 -0.4142823 0.612042 -0.3715156  
															<TransformMatrix>: -0.09245049 -0.9203509 0.3800091 0 -0.0108183 -0.3806926 -0.9246383 0 0.9956585 -0.08959433 0.02523863 0 0.07256043 -0.07797849 -0.09245364 1  
															<Children>: 1
																<Frame>: 41 0 Bip01_R_UpperArm
																	<Transform>: -0.2417657 0 -5.960464E-08 62.56127 76.68408 20.63349 0.9999998 1 1 0.4956086 0.4486718 -0.196854 0.7171571  
																	<TransformMatrix>: 0.519884 0.1623807 -0.8386614 0 0.7270818 0.4312413 0.5342127 0 0.4484114 -0.8875042 0.1061314 0 -0.2417657 0 -5.960464E-08 1  
																	<Children>: 1
																		<Frame>: 42 0 Bip01_R_Forearm
																			<Transform>: -0.3099917 1.192093E-07 -7.450581E-09 3.107822E-07 -1.522495E-06 27.4825 1 1 1 -5.215288E-10 -1.355023E-08 0.2375376 0.9713784  
																			<TransformMatrix>: 0.887152 0.4614779 2.607703E-08 0 -0.4614778 0.8871519 -7.450581E-09 0 -2.657256E-08 -5.424174E-09 1 0 -0.3099917 1.192093E-07 -7.450581E-09 1  
																			<Children>: 1
																				<Frame>: 43 0 Bip01_R_Hand
																					<Transform>: -0.2603146 -2.980232E-08 1.490116E-08 353.8751 356.0689 4.817063 0.9999999 0.9999999 1 -0.05478524 -0.03197523 0.04010897 0.9971797  
																					<TransformMatrix>: 0.9947376 0.08349523 0.05937534 0 -0.07648815 0.9907796 -0.1118265 0 -0.06816487 0.1066965 0.9919523 0 -0.2603146 -2.980232E-08 1.490116E-08 1  
																					<Children>: 1
																						<Frame>: 44 0 Bip01_R_Finger0
																							<Transform>: -0.1951834 0 0 1.249192 0.05379213 2.059138 1 1 1 0.01090771 0.000273447 0.01796222 0.9997792  
																							<TransformMatrix>: 0.9993547 0.03592247 -0.0001549199 0 -0.03591054 0.9991169 0.02182043 0 0.0009386266 -0.02180078 0.9997619 0 -0.1951834 0 0 1  
																							<Children>: 1
																								<Frame>: 45 0 Bip01_R_Finger0Nub
																									<Transform>: -0.09252371 -2.980232E-08 -1.490116E-08 3.180555E-15 -1.067217E-07 180 -1 -0.9999999 -0.9999999 -9.313226E-10 -1.387779E-17 1 -1.490116E-08  
																									<TransformMatrix>: 1 2.980232E-08 1.862645E-09 0 -2.980232E-08 0.9999999 0 0 1.862645E-09 5.551115E-17 -0.9999999 0 -0.09252371 -2.980232E-08 -1.490116E-08 1  
																									<Children>: 0
																								</Frame>
																						</Frame>
																				</Frame>
																		</Frame>
																</Frame>
														</Frame>
												</Frame>
										</Frame>
								</Frame>
								<Frame>: 46 0 Bip01_Tail
									<Transform>: 0.1491035 -0.001114249 -0.0147597 359.7135 5.655932 201.3354 1 1 1 0.04894669 -0.006678974 0.9814947 -0.1850077  
									<TransformMatrix>: -0.9267528 -0.363822 0.09361053 0 0.3625143 -0.9314553 -0.03122179 0 0.09855316 0.005000277 0.9951192 0 0.1491035 -0.001114249 -0.0147597 1  
									<Children>: 1
										<Frame>: 47 0 Bip01_Tail1
											<Transform>: -0.1521527 -0.0001052618 0 353.8941 349.0086 331.2475 0.9999999 0.9999999 1 -0.02760842 -0.105803 -0.2517376 0.9615985  
											<TransformMatrix>: 0.8508676 -0.4782989 0.2173802 0 0.4899831 0.8717318 0.0001727827 0 -0.1895799 0.1063656 0.976087 0 -0.1521527 -0.0001052618 0 1  
											<Children>: 1
												<Frame>: 48 0 Bip01_Tail2
													<Transform>: -0.1515631 -8.052588E-05 -7.450581E-09 350.518 341.0823 334.2819 1 1 1 -0.0430343 -0.177814 -0.2320184 0.9553522  
													<TransformMatrix>: 0.8290994 -0.4280145 0.3597194 0 0.4586229 0.8886311 0.0002863929 0 -0.3197804 0.1647381 0.9330605 0 -0.1515631 -8.052588E-05 -7.450581E-09 1  
													<Children>: 1
														<Frame>: 49 0 Bip01_Tail3
															<Transform>: -0.1139238 -9.11057E-05 -8.940697E-08 351.1549 343.1061 333.1017 1 1 1 -0.04012036 -0.16018 -0.2403909 0.9565275  
															<TransformMatrix>: 0.8331093 -0.4470281 0.3257223 0 0.472734 0.8812051 0.000259161 0 -0.287144 0.1537641 0.9454654 0 -0.1139238 -9.11057E-05 -8.940697E-08 1  
															<Children>: 1
																<Frame>: 50 0 Bip01_TailNub
																	<Transform>: -0.1297677 -2.980232E-08 0 -0.0001613618 180 269.9544 0.9999999 0.9999999 1 0.7073882 -0.7068252 -1.006648E-06 -9.84782E-07  
																	<TransformMatrix>: 0.0007962583 -0.9999995 -2.81632E-06 0 -0.9999996 -0.0007961988 2.980232E-08 0 -3.20448E-08 2.816295E-06 -1 0 -0.1297677 -2.980232E-08 0 1  
																	<Children>: 0
																</Frame>
														</Frame>
												</Frame>
										</Frame>
								</Frame>
						</Frame>
				</Frame>
		</Frame>
		<Frame>: 51 0 Rottw
			<Transform>: -6.00337E-08 5.197104E-08 -1.188959 270 0 0 1 1 1 -0.7071068 0 0 0.7071068  
			<TransformMatrix>: 1 0 0 0 0 -1.192093E-07 -1 0 0 1 -1.192093E-07 0 -6.00337E-08 5.197104E-08 -1.188959 1  
			<SkinningInfo>:  Rottw
				<BonesPerVertex>: 4
				<Bounds>: -0.268531 0.478203 -0.1370266 1.213029 1.025391 0.4738995
				<BoneNames>: 34 Bip01_Ponytail2 Bip01_Pelvis Bip01_L_Thigh Bip01_Head Bip01_Ponytail1 Bip01_Tail Bip01_Spine2 Bip01_Spine1 Bip01_L_UpperArm Bip01_L_Forearm Bip01_Spine Bip01_L_Calf Bip01_Neck Bip01_L_Foot Bip01_L_HorseLink Bip01_Tail3 Bip01_Tail2 Bip01_Tail1 Bip01_L_Finger0 Bip01_L_Hand Bip01_Neck2 Bip01_Neck1 Xtra01 Xtra01Opp Xtra0102 Bip01_R_Thigh Bip01_R_UpperArm Bip01_R_Forearm Bip01_R_Calf Bip01_R_Foot Bip01_R_HorseLink Bip01_R_Finger0 Bip01_R_Hand Xtra01Opp02  
				<BoneOffsets>: 34 3.543493E-08 3.15771E-06 -1 0 0.9458841 0.3245047 1.058209E-06 0 0.3245047 -0.945884 -2.975329E-06 0 0.5730648 1.311086 3.741789E-06 1 -1.416602E-06 -2.747844E-06 -1 0 0.7071067 -0.7071069 9.413304E-07 0 -0.7071068 -0.7071068 2.944709E-06 0 0.4340076 0.8259867 -2.876436E-06 1 0.2032579 0.09447224 0.974557 0 -0.3560585 -0.9200578 0.1634503 0 0.9120902 -0.3802219 -0.1533713 0 -0.6900811 0.604861 0.2057294 1 -9.744845E-07 2.22663E-06 -1 0 0.01668745 -0.9998608 -2.242581E-06 0 -0.9998608 -0.01668745 9.371921E-07 0 1.145844 -0.7892619 -3.506721E-06 1 9.213771E-07 1.765029E-06 -1 0 0.9996397 -0.02684185 8.736685E-07 0 -0.02684186 -0.9996397 -1.789124E-06 0 1.047461 1.090269 2.505485E-06 1 -7.579901E-07 3.909198E-06 -1 0 -0.9842061 0.1770271 1.438052E-06 0 0.1770271 0.984206 3.713271E-06 0 0.205327 -1.034411 -4.339549E-06 1 6.838309E-07 1.592234E-06 -1 0 0.9709647 -0.2392233 2.830761E-07 0 -0.2392234 -0.9709647 -1.709591E-06 0 0.4841985 0.8748751 1.255899E-06 1 9.175287E-07 1.761551E-06 -1 0 0.9995311 -0.03062335 8.631537E-07 0 -0.03062335 -0.999531 -1.788823E-06 0 0.02987557 0.9566908 1.483215E-06 1 0.028065 0.2259949 -0.9737241 0 -0.1333513 0.9662475 0.2204162 0 0.9906714 0.1236614 0.05725444 0 -0.8626263 0.5493534 -0.07201121 1 0.06746374 0.2175093 -0.9737239 0 0.0390665 0.9746231 0.2204169 0 0.9969565 -0.05291014 0.05725439 0 -0.4471409 0.6381687 -0.07201076 1 1.013952E-06 1.857457E-06 -1 0 0.9976491 0.06853111 1.138861E-06 0 0.06853112 -0.997649 -1.783603E-06 0 -0.3017292 0.9547391 1.477801E-06 1 0.2196826 0.04447813 0.974557 0 -0.5607608 -0.8116842 0.1634503 0 0.7983024 -0.5824006 -0.1533713 0 -0.09341753 0.6444014 0.2057294 1 3.179748E-07 1.447828E-06 -1 0 0.8629879 -0.5052247 -4.570699E-07 0 -0.5052246 -0.862988 -1.410107E-06 0 0.9702282 0.4940681 3.864096E-07 1 1.981378E-06 -0.1964846 0.980507 0 4.569559E-08 -0.9805071 -0.1964845 0 1 4.34115E-07 -1.933777E-06 0 -0.08688738 0.5404267 0.4142082 1 0.166449 0.1501115 0.974557 0 -0.06949035 -0.9841012 0.1634502 0 0.9835984 -0.09492843 -0.1533714 0 -0.1586495 0.6548328 0.2057295 1 -5.638167E-07 4.016157E-06 -1 0 -0.9427816 0.3334109 1.870586E-06 0 0.3334109 0.9427816 3.598376E-06 0 0.4499819 -1.103579 -4.530559E-06 1 -6.319503E-07 3.983261E-06 -1 0 -0.9597475 0.2808644 1.725269E-06 0 0.2808644 0.9597475 3.645433E-06 0 0.3963404 -1.077163 -4.457626E-06 1 -7.168754E-07 3.93538E-06 -1 0 -0.9772882 0.2119147 1.534558E-06 0 0.2119147 0.9772882 3.694084E-06 0 0.3204094 -1.046347 -4.372515E-06 1 0.04386665 -0.03301554 -0.9984918 0 0.9654401 0.2584147 0.03387 0 0.2569067 -0.9654697 0.04321032 0 0.6174442 0.1906005 -0.1854301 1 0.04929007 0.02338752 -0.9985107 0 0.2063493 0.9779187 0.03309135 0 0.9772361 -0.2076731 0.04337569 0 -0.08580453 0.6367212 -0.1859371 1 -3.897573E-07 1.472991E-06 -1 0 0.4959436 -0.8683547 -1.472376E-06 0 -0.8683547 -0.4959436 -3.920728E-07 0 1.292107 -0.1402051 -1.378775E-06 1 -1.3159E-08 1.412178E-06 -1 0 0.7156381 -0.6984713 -9.957828E-07 0 -0.6984713 -0.7156381 -1.001417E-06 0 1.16153 0.2204934 -3.742211E-07 1 0.8767607 -0.07554028 0.4749572 0 0.4024327 0.655972 -0.638552 0 -0.2633222 0.7509956 0.6055303 0 0.8152593 -0.4703532 -1.181786 1 -0.8767604 0.07554036 0.4749576 0 0.4024344 0.6559683 0.6385548 0 -0.2633205 0.7509989 -0.605527 0 0.8152575 -0.4703597 1.181784 1 -0.2718607 -0.8230348 0.4987037 0 0.2501898 -0.5608497 -0.7892101 0 0.9292452 -0.08978463 0.358388 0 -1.092872 -0.5769937 -0.9739156 1 -0.2032569 -0.09447476 0.9745569 0 -0.3560582 -0.9200577 -0.1634522 0 0.9120906 -0.3802217 0.1533695 0 -0.6900815 0.6048608 -0.2057273 1 -0.02806329 -0.2259929 -0.9737245 0 -0.1333512 0.9662479 -0.2204144 0 0.9906714 0.1236618 -0.05725251 0 -0.8626263 0.5493528 0.07200887 1 -0.06746168 -0.2175076 -0.9737244 0 0.03906662 0.9746235 -0.2204151 0 0.9969567 -0.0529097 -0.05725246 0 -0.4471411 0.6381682 0.07200842 1 -0.2196823 -0.04448082 0.9745569 0 -0.5607604 -0.8116841 -0.1634523 0 0.7983028 -0.5824005 0.1533695 0 -0.09341795 0.6444013 -0.2057273 1 4.569807E-08 0.1533403 0.9881735 0 6.123234E-17 -0.9881736 0.1533403 0 1 -7.007353E-09 -4.515762E-08 0 -0.08688744 0.5580537 -0.3901336 1 -0.1664474 -0.1501137 0.9745569 0 -0.06949 -0.9841009 -0.1634522 0 0.9835987 -0.09492815 0.1533696 0 -0.1586499 0.6548325 -0.2057273 1 -0.04386428 0.03301413 -0.9984918 0 0.9654402 0.2584146 -0.03386808 0 0.2569068 -0.9654697 -0.04320835 0 0.6174441 0.1906006 0.1854277 1 -0.04928773 -0.02338598 -0.9985107 0 0.2063494 0.9779188 -0.03308935 0 0.9772362 -0.207673 -0.04337371 0 -0.08580474 0.6367212 0.1859348 1 0.271863 0.8230307 0.4987091 0 0.2501893 -0.5608556 0.7892061 0 0.9292446 -0.08978426 -0.3583894 0 -1.092872 -0.5769975 0.9739134 1  
